16	16	375
-1	-1	109&328	-1	-1	-1	-1	9&138	-1	-1	-1	-1	-1	-1	-1	-1	
-1	-1	216&8	112&296	-1	-1	-1	31&24	-1	-1	-1	-1	-1	-1	-1	-1	
-1	0&355	-1	166&1	90&159	-1	-1	-1	-1	-1	-1	-1	-1	-1	-1	-1	
65&303	-1	-1	-1	132&50	166&182	-1	-1	-1	-1	-1	254&307	-1	-1	-1	-1	
-1	-1	-1	-1	-1	24&5	186&78	-1	-1	-1	-1	-1	-1	-1	-1	-1	
-1	-1	-1	-1	363&97	-1	304&326	33&288	-1	-1	-1	-1	-1	-1	-1	-1	
200&354	-1	-1	-1	-1	-1	-1	254&136	220&341	-1	-1	-1	-1	-1	-1	-1	
-1	-1	-1	49&74	-1	-1	298&111	-1	54&259	28&161	-1	-1	-1	-1	-1	-1	
-1	113&54	-1	-1	-1	-1	226&369	-1	-1	301&17	315&363	-1	-1	-1	-1	208&97	
-1	-1	65&267	-1	-1	161&251	-1	-1	-1	-1	227&37	0&46	26&249	-1	-1	316&198	
113&0	-1	277&193	-1	347&17	-1	-1	-1	47&267	-1	-1	281&272	295&332	315&296	238&97	-1	
-1	-1	-1	0&1	-1	-1	-1	-1	104&49	-1	-1	138&21	134&0	303&87	348&253	-1	
374&10	211&0	-1	-1	-1	90&105	-1	-1	-1	-1	-1	-1	-1	15&276	27&367	59&71	
-1	95&67	-1	-1	27&368	-1	-1	22&317	-1	301&256	-1	-1	-1	-1	114&136	298&68	
314&179	-1	-1	223&329	-1	60&13	-1	-1	285&132	0&362	-1	-1	153&6	185&72	283&338	173&149	
-1	255&309	5&239	-1	-1	-1	156&353	-1	-1	18&112	-1	274&37	81&129	186&33	-1	-1	

