16	16	375
-1	-1	92&124	-1	-1	-1	-1	334&288	-1	-1	-1	-1	-1	-1	-1	-1	
-1	-1	374&246	197&70	-1	-1	-1	212&32	-1	-1	-1	-1	-1	-1	-1	-1	
-1	201&266	-1	82&232	194&154	-1	-1	-1	-1	-1	-1	-1	-1	-1	-1	-1	
63&86	-1	-1	-1	0&55	318&143	-1	-1	-1	-1	-1	27&283	-1	-1	-1	-1	
-1	-1	-1	-1	-1	127&348	186&306	-1	-1	-1	-1	-1	-1	-1	-1	-1	
-1	-1	-1	-1	371&41	-1	101&243	22&77	-1	-1	-1	-1	-1	-1	-1	-1	
148&320	-1	-1	-1	-1	-1	-1	277&331	224&138	-1	-1	-1	-1	-1	-1	-1	
-1	-1	-1	110&301	-1	-1	344&4	-1	225&269	55&114	-1	-1	-1	-1	-1	-1	
-1	278&103	-1	-1	-1	-1	205&309	-1	-1	262&313	294&244	-1	-1	-1	-1	36&153	
-1	-1	276&32	-1	-1	0&320	-1	-1	-1	-1	14&162	146&291	172&335	-1	-1	148&224	
266&150	-1	284&183	-1	36&185	-1	-1	-1	0&335	-1	-1	0&332	19&65	283&306	241&229	-1	
-1	-1	-1	86&352	-1	-1	-1	-1	358&139	-1	-1	29&360	0&243	251&191	29&237	-1	
247&127	133&173	-1	-1	-1	19&225	-1	-1	-1	-1	-1	-1	-1	35&346	307&191	314&120	
-1	0&61	-1	-1	256&17	-1	-1	173&90	-1	257&125	-1	-1	-1	-1	355&205	28&344	
259&270	-1	-1	1&48	-1	99&157	-1	-1	175&272	124&327	-1	-1	132&345	52&319	322&51	140&299	
-1	82&39	312&179	-1	-1	-1	130&73	-1	-1	219&318	-1	319&9	51&321	224&184	-1	-1	

