16	16	375
-1	-1	291&120	-1	-1	-1	-1	15&22	-1	-1	-1	-1	-1	-1	-1	-1	
-1	-1	221&286	253&76	-1	-1	-1	115&249	-1	-1	-1	-1	-1	-1	-1	-1	
-1	327&235	-1	122&187	298&147	-1	-1	-1	-1	-1	-1	-1	-1	-1	-1	-1	
281&317	-1	-1	-1	9&68	270&194	-1	-1	-1	-1	-1	186&293	-1	-1	-1	-1	
-1	-1	-1	-1	-1	172&219	138&295	-1	-1	-1	-1	-1	-1	-1	-1	-1	
-1	-1	-1	-1	163&248	-1	210&239	315&371	-1	-1	-1	-1	-1	-1	-1	-1	
156&218	-1	-1	-1	-1	-1	-1	89&309	169&241	-1	-1	-1	-1	-1	-1	-1	
-1	-1	-1	337&24	-1	-1	199&352	-1	206&282	153&44	-1	-1	-1	-1	-1	-1	
-1	113&231	-1	-1	-1	-1	228&356	-1	-1	363&6	300&10	-1	-1	-1	-1	266&30	
-1	-1	195&161	-1	-1	209&43	-1	-1	-1	-1	237&374	162&124	100&91	-1	-1	295&165	
95&126	-1	236&57	-1	75&205	-1	-1	-1	356&202	-1	-1	373&351	0&158	360&351	329&281	-1	
-1	-1	-1	166&113	-1	-1	-1	-1	290&224	-1	-1	121&221	222&283	0&58	339&116	-1	
152&201	320&18	-1	-1	-1	66&0	-1	-1	-1	-1	-1	-1	-1	211&55	247&301	49&348	
-1	208&288	-1	-1	105&130	-1	-1	164&318	-1	7&362	-1	-1	-1	-1	30&177	52&121	
6&87	-1	-1	19&267	-1	161&243	-1	-1	31&24	0&369	-1	-1	8&341	300&184	88&239	89&93	
-1	365&62	222&258	-1	-1	-1	237&60	-1	-1	322&319	-1	36&294	274&251	144&109	-1	-1	

