50	50	120
-1	-1	-1	-1	65&3	-1	-1	-1	-1	-1	50&24	-1	-1	-1	-1	-1	-1	6&18	-1	-1	-1	-1	-1	-1	-1	-1	-1	-1	82&3	-1	-1	-1	-1	-1	-1	-1	-1	106&9	-1	-1	-1	-1	-1	29&99	19&40	-1	-1	-1	-1	-1	
1&38	-1	-1	-1	1&2	8&0	-1	-1	-1	21&46	-1	2&0	-1	92&0	9&85	-1	-1	0&24	-1	-1	-1	0&78	-1	-1	-1	28&19	-1	-1	-1	5&24	-1	115&26	-1	-1	-1	-1	-1	-1	-1	-1	-1	-1	-1	-1	-1	-1	-1	-1	-1	-1	
-1	-1	-1	-1	5&7	-1	-1	0&15	-1	-1	2&1	-1	-1	-1	-1	-1	-1	59&7	-1	-1	-1	-1	-1	40&91	-1	-1	-1	-1	-1	-1	-1	-1	-1	-1	43&5	-1	-1	-1	-1	-1	-1	76&109	-1	-1	-1	-1	-1	-1	-1	-1	
-1	-1	-1	40&0	102&109	-1	5&82	-1	-1	-1	-1	-1	-1	-1	11&26	33&44	-1	-1	-1	-1	-1	16&74	-1	99&6	-1	1&17	-1	-1	19&10	-1	-1	-1	-1	-1	-1	-1	33&23	103&36	40&53	-1	-1	-1	-1	-1	-1	-1	-1	-1	-1	-1	
41&26	-1	6&18	-1	16&0	-1	-1	18&54	46&109	-1	-1	33&105	3&0	-1	-1	-1	-1	-1	-1	-1	9&4	-1	-1	-1	4&18	-1	-1	-1	-1	-1	-1	-1	-1	-1	-1	-1	30&26	-1	-1	-1	-1	-1	-1	5&103	-1	-1	94&32	-1	-1	-1	
43&0	2&40	-1	-1	35&48	-1	-1	-1	-1	-1	-1	-1	-1	16&40	-1	-1	-1	-1	-1	-1	-1	1&10	-1	-1	-1	-1	3&4	-1	9&3	-1	-1	-1	32	52&104	-1	-1	-1	-1	2&6	77&75	-1	-1	41&19	-1	-1	-1	-1	-1	-1	-1	
-1	-1	2&7	-1	-1	10&7	7&5	-1	85&3	2&105	1&8	0&8	-1	29&14	55&96	-1	-1	-1	-1	-1	-1	113&50	-1	110&1	-1	-1	93&13	-1	-1	-1	-1	-1	-1	-1	-1	-1	-1	-1	-1	-1	-1	-1	-1	-1	-1	-1	-1	-1	-1	-1	
-1	-1	-1	-1	4&47	-1	-1	-1	-1	18&21	-1	-1	-1	-1	-1	-1	-1	-1	-1	-1	-1	1&76	-1	-1	-1	-1	17&41	1&14	-1	-1	-1	-1	-1	-1	-1	-1	-1	-1	17&27	-1	-1	-1	11&104	5&0	-1	36&24	115&13	26&28	-1	109&6	
-1	20&21	-1	9&32	-1	66&3	-1	-1	-1	-1	9&13	-1	-1	-1	9&21	-1	-1	2&53	-1	-1	118&110	113&74	-1	10&36	-1	-1	-1	-1	-1	-1	2&73	-1	-1	-1	80&14	-1	-1	37&6	-1	-1	-1	-1	-1	-1	-1	-1	-1	-1	-1	-1	
-1	-1	-1	-1	13&25	-1	-1	-1	3	-1	-1	15&28	-1	-1	26&85	5&19	-1	-1	-1	-1	-1	-1	-1	-1	-1	-1	-1	5&20	39&40	-1	-1	-1	-1	-1	7&41	-1	78&29	69&18	58&52	97&90	-1	-1	-1	-1	-1	-1	-1	-1	-1	-1	
-1	-1	-1	-1	-1	-1	-1	-1	-1	0&2	-1	-1	-1	0&1	-1	-1	-1	-1	-1	-1	-1	-1	4	-1	-1	-1	2&16	-1	-1	-1	2&6	-1	1&7	-1	20&8	7&101	-1	57&5	13&44	27&43	-1	106&8	-1	21&40	-1	-1	-1	-1	-1	-1	
-1	-1	-1	-1	110&5	-1	-1	-1	-1	-1	-1	-1	64&13	-1	-1	-1	-1	-1	-1	2	16&4	-1	-1	-1	3&83	-1	-1	-1	1&12	-1	-1	-1	-1	-1	-1	3&86	-1	-1	2&21	-1	27	-1	26&6	7&28	-1	56	-1	-1	10&28	-1	
-1	-1	-1	-1	-1	-1	-1	6&7	-1	104	31&51	5&8	8&3	-1	-1	-1	-1	-1	-1	-1	0&18	64&17	-1	-1	20	-1	-1	-1	-1	-1	-1	-1	-1	-1	-1	-1	-1	-1	14&0	-1	8&72	46&3	-1	-1	-1	50&6	-1	-1	119&54	-1	
-1	2&7	0&7	-1	-1	-1	2&15	3&9	-1	-1	-1	-1	19&8	-1	-1	58&5	-1	-1	-1	-1	13&42	-1	-1	-1	-1	0&94	-1	-1	-1	-1	-1	-1	-1	-1	96	-1	7&10	-1	-1	-1	108&49	-1	71	-1	21&78	-1	-1	-1	-1	-1	
-1	-1	37&45	-1	-1	43&16	30&19	-1	-1	-1	-1	57&119	28&10	-1	3&26	-1	-1	-1	-1	-1	-1	-1	3&31	1&5	-1	-1	-1	-1	-1	15&106	36&62	-1	8&56	-1	-1	5&39	89&108	-1	-1	-1	-1	-1	-1	-1	-1	-1	-1	-1	-1	-1	
7&6	2&79	-1	-1	-1	-1	104&4	1	-1	-1	-1	-1	-1	-1	-1	-1	-1	-1	-1	6&10	-1	-1	17&1	-1	109&0	-1	84&17	-1	-1	-1	-1	-1	-1	-1	60&3	78&14	-1	-1	-1	-1	-1	-1	-1	-1	-1	-1	81&72	8&111	-1	-1	
-1	-1	-1	14&28	-1	-1	-1	-1	45&70	-1	-1	-1	-1	-1	-1	-1	-1	-1	-1	-1	2&24	-1	38&57	-1	6&41	-1	-1	-1	-1	-1	-1	1&21	-1	-1	7&0	-1	-1	-1	23&34	-1	3&39	119&46	50&117	-1	92&18	-1	14&15	-1	2&35	-1	
-1	-1	32&4	-1	-1	100&14	-1	-1	-1	-1	-1	-1	-1	-1	-1	1&4	-1	-1	-1	-1	-1	-1	47&33	27&66	-1	-1	18&67	32&59	0&8	-1	-1	24&66	-1	-1	0&55	-1	-1	-1	-1	-1	-1	-1	-1	-1	60	-1	-1	2&65	88	-1	
-1	-1	-1	77&40	-1	-1	-1	83&10	-1	-1	-1	-1	110&119	-1	-1	-1	102&1	-1	-1	-1	-1	12&11	-1	-1	-1	-1	-1	-1	-1	-1	-1	-1	26&37	0&5	-1	-1	-1	-1	58&87	-1	57&22	112&4	10&73	49&88	-1	29&36	-1	-1	-1	24&104	
-1	-1	-1	4&5	-1	-1	-1	-1	-1	-1	2	45&51	-1	-1	-1	29&57	-1	-1	5&12	-1	-1	-1	53&12	88&34	19&105	-1	33&59	1&110	-1	111&14	-1	-1	-1	-1	-1	80&11	-1	-1	-1	-1	-1	-1	-1	-1	-1	-1	-1	-1	-1	-1	
-1	0&11	38&3	-1	-1	-1	-1	-1	-1	-1	-1	-1	-1	48&6	-1	-1	12&69	-1	-1	-1	50	7&1	-1	42&116	78&31	-1	-1	-1	-1	-1	23&43	-1	10&79	-1	16&78	-1	-1	-1	84&1	11&93	-1	5&89	-1	-1	-1	-1	-1	104&5	-1	-1	
-1	-1	-1	16&43	-1	-1	1	-1	-1	-1	-1	-1	-1	-1	-1	48&99	-1	-1	59	1&14	-1	115&38	104&113	-1	-1	22&26	-1	-1	18&8	-1	-1	-1	-1	-1	-1	-1	73	-1	60	118&56	-1	-1	-1	-1	-1	-1	83&27	-1	53&87	-1	
-1	-1	33&11	-1	-1	-1	10&109	-1	-1	0&27	-1	-1	-1	-1	-1	-1	-1	-1	-1	-1	-1	-1	-1	2&25	7&13	-1	-1	3&49	-1	87&23	-1	-1	-1	-1	-1	-1	-1	-1	-1	111&57	-1	114&42	-1	58&3	-1	-1	-1	-1	-1	5&16	
-1	-1	5&62	-1	-1	28&17	6&11	-1	97&116	-1	-1	65&90	-1	-1	-1	29&35	-1	-1	81&7	-1	-1	-1	117&30	25&15	63&59	-1	-1	31&28	81&53	-1	-1	41&11	45&36	-1	50&2	-1	-1	-1	-1	-1	-1	-1	-1	-1	-1	-1	-1	-1	-1	-1	
-1	-1	-1	-1	-1	5	-1	-1	-1	-1	-1	14&103	-1	21&96	-1	-1	0&30	-1	-1	-1	-1	-1	-1	19&5	23&11	-1	-1	2&46	6&19	94&37	-1	-1	62&77	-1	-1	-1	-1	5&31	-1	14&117	72&31	-1	-1	31&30	45&26	-1	-1	-1	-1	-1	
-1	-1	-1	-1	68&117	-1	-1	14&17	-1	-1	8&40	-1	-1	25&15	-1	-1	-1	-1	-1	-1	-1	8&35	-1	-1	-1	-1	-1	72	86&17	-1	-1	-1	-1	-1	-1	36&3	33&92	6&102	-1	-1	28&62	76&20	57&46	-1	-1	55&105	-1	116	-1	-1	
-1	16&29	-1	-1	-1	-1	-1	-1	-1	-1	-1	-1	-1	20&15	-1	8&119	-1	-1	-1	32&55	-1	-1	-1	-1	-1	-1	6	-1	90&117	4&116	-1	-1	17&63	-1	-1	-1	-1	38&18	-1	-1	87&0	-1	118&67	-1	98&8	15&36	-1	-1	-1	94&63	
88&80	-1	-1	-1	18&84	-1	8&32	85&3	-1	-1	-1	-1	-1	90&19	30&43	-1	-1	32&4	-1	-1	-1	-1	-1	-1	-1	-1	-1	-1	47	-1	-1	31&64	-1	37&114	93&83	-1	25&31	-1	-1	-1	-1	8&38	-1	-1	31&115	28&80	-1	-1	-1	-1	
16&42	-1	-1	22&85	-1	-1	-1	-1	85&69	-1	0&12	13	-1	65&24	7	20&70	2&15	53&14	-1	-1	-1	-1	47&77	-1	-1	47	-1	-1	-1	-1	101&47	-1	-1	-1	-1	-1	-1	72&64	-1	-1	-1	-1	91&73	-1	-1	-1	-1	-1	-1	-1	
-1	87&3	58&16	-1	63	-1	-1	74&97	-1	-1	50&9	-1	-1	-1	-1	-1	-1	8&30	-1	-1	-1	-1	-1	-1	-1	-1	-1	-1	-1	-1	61&72	-1	-1	36&51	106&110	-1	-1	-1	-1	-1	-1	-1	101&77	33&36	-1	53&47	97&51	67&101	91&52	-1	
-1	-1	-1	-1	-1	-1	20&10	-1	-1	117&109	2&33	-1	2&28	22&70	24&62	-1	-1	-1	-1	43&44	-1	-1	-1	-1	-1	-1	79&46	114&109	-1	52	-1	-1	-1	-1	-1	1&14	-1	33&36	-1	-1	-1	24&9	-1	9&72	42&35	-1	-1	67&11	-1	-1	
20&81	58&68	-1	32&53	22&102	-1	-1	35&8	-1	29&5	-1	-1	-1	-1	-1	27&5	-1	-1	21&106	-1	-1	-1	-1	-1	-1	-1	-1	-1	-1	-1	-1	-1	-1	62&103	-1	-1	-1	12	-1	-1	-1	-1	-1	-1	-1	-1	57&114	40&109	46&3	38&31	
-1	-1	-1	-1	-1	-1	-1	-1	84&47	-1	-1	-1	-1	-1	-1	-1	-1	16&5	-1	-1	-1	-1	-1	-1	-1	-1	-1	-1	-1	-1	-1	-1	118&52	-1	-1	2&11	-1	32&10	112&7	-1	-1	-1	-1	-1	3&97	-1	-1	-1	93&29	90&114	
-1	-1	-1	10	-1	-1	-1	-1	30&88	-1	-1	29&0	-1	-1	-1	-1	23	-1	4&2	-1	41&30	-1	1&115	-1	-1	-1	10&111	-1	-1	-1	-1	25&111	53&52	0&17	111&37	75&99	21&88	-1	-1	-1	-1	-1	23&44	-1	-1	-1	82&68	-1	-1	-1	
-1	38&9	-1	-1	-1	-1	41&10	-1	-1	-1	-1	-1	38&42	11	-1	-1	19&22	-1	-1	0&40	10&86	-1	-1	95&0	-1	-1	-1	-1	-1	31&11	-1	-1	-1	-1	-1	-1	-1	-1	-1	10&79	81&60	-1	-1	-1	-1	-1	-1	-1	-1	108&46	
18&49	119&21	-1	22&109	-1	-1	-1	-1	96&37	-1	-1	-1	45&30	-1	63&6	-1	19&43	-1	20&60	-1	-1	-1	-1	-1	-1	-1	-1	-1	103&91	-1	0&29	-1	-1	-1	-1	-1	-1	-1	-1	112	-1	-1	-1	-1	-1	-1	-1	14&21	17&79	3&50	
7&17	-1	6	-1	-1	-1	93&90	-1	-1	3&116	-1	-1	-1	-1	-1	-1	-1	12&39	-1	1&68	-1	-1	-1	-1	-1	101&54	-1	-1	-1	-1	-1	112&67	67&104	-1	-1	-1	-1	-1	-1	-1	-1	6&76	-1	-1	-1	-1	29&57	50&28	-1	83	
-1	-1	-1	55&83	-1	-1	-1	-1	-1	-1	24&46	-1	-1	75&42	-1	22&4	-1	-1	10&67	-1	-1	-1	15&2	-1	21&4	18&37	-1	-1	-1	110&111	-1	-1	71&113	-1	-1	-1	-1	-1	-1	-1	-1	-1	-1	6&33	-1	-1	4	-1	-1	11&56	
27&50	-1	-1	-1	-1	32&25	-1	-1	-1	14&19	-1	-1	-1	-1	-1	-1	5&40	7	47&98	41&20	-1	-1	-1	-1	-1	15&39	-1	37&103	-1	-1	46&8	105&55	-1	55&24	-1	-1	-1	-1	-1	-1	109&31	-1	79&70	-1	-1	-1	-1	-1	-1	-1	
24&54	25&9	55&56	7&102	-1	-1	-1	-1	-1	-1	-1	-1	-1	-1	-1	109	-1	-1	99&16	-1	14&40	66	-1	-1	-1	0&80	4&115	-1	-1	54&7	-1	-1	-1	-1	-1	-1	-1	-1	-1	-1	-1	-1	-1	92&7	53&24	-1	116&101	-1	9&15	-1	
63&6	-1	-1	-1	-1	-1	-1	-1	-1	-1	-1	-1	-1	-1	-1	-1	4&21	-1	-1	26&111	-1	-1	-1	-1	-1	98&80	-1	-1	-1	-1	16&85	82&16	-1	113&17	-1	-1	-1	-1	-1	-1	-1	-1	-1	13	-1	-1	-1	105&73	-1	-1	
-1	97	106&53	6&25	-1	16&98	-1	-1	10&0	-1	-1	-1	-1	-1	-1	-1	12&26	-1	8&79	29&40	-1	-1	-1	-1	-1	-1	4&89	5&48	-1	-1	-1	-1	-1	-1	-1	43&40	16&64	-1	-1	22&66	-1	13	-1	-1	-1	116&18	19&45	-1	-1	-1	
-1	-1	-1	-1	-1	10&64	-1	5&23	-1	-1	-1	-1	70&48	-1	-1	-1	91&27	-1	-1	24&67	90&6	-1	-1	-1	-1	-1	-1	-1	-1	-1	87&4	-1	-1	8&24	-1	-1	-1	-1	-1	-1	-1	-1	-1	-1	-1	-1	-1	-1	2&14	59&24	
51	-1	-1	-1	-1	22&64	-1	-1	5&17	-1	-1	104&87	17&110	-1	60&26	-1	95&100	-1	70&55	-1	-1	-1	-1	-1	-1	-1	-1	-1	-1	-1	-1	73&96	21&115	-1	-1	-1	-1	-1	-1	100&103	27&9	92&63	-1	-1	-1	-1	54&47	112&45	31&79	-1	
-1	-1	-1	-1	-1	-1	-1	-1	-1	35&46	-1	-1	43&27	-1	22&91	-1	-1	-1	-1	67&12	17&23	-1	1&16	-1	-1	68&6	-1	-1	-1	55&46	59&19	-1	-1	18&72	-1	6&5	-1	46&21	-1	-1	-1	-1	-1	-1	22&0	77&60	-1	-1	-1	92&11	
-1	-1	-1	-1	-1	-1	61&34	-1	-1	63&109	19&100	-1	7	-1	-1	-1	-1	96&115	-1	-1	-1	-1	72&71	-1	-1	-1	-1	4&33	-1	2&37	85&80	73&111	-1	-1	-1	-1	99&83	-1	-1	-1	-1	-1	-1	-1	38&58	-1	-1	-1	116&32	63&84	
-1	-1	9&100	-1	-1	-1	-1	-1	-1	-1	-1	-1	-1	-1	12&78	-1	-1	-1	-1	-1	-1	-1	-1	-1	-1	-1	-1	-1	-1	-1	3	-1	-1	106&88	-1	7&27	-1	-1	-1	62&67	-1	-1	-1	-1	3&109	91&24	-1	-1	-1	-1	
-1	-1	-1	-1	-1	-1	-1	62&81	19&18	-1	21&30	39&110	-1	-1	-1	-1	-1	7&25	19&45	-1	-1	-1	-1	9	88&11	98&23	-1	118&88	-1	-1	-1	93&108	-1	-1	-1	-1	117&92	-1	35&96	-1	45&91	-1	-1	-1	-1	-1	-1	33&83	-1	-1	
-1	69&38	-1	-1	-1	3&87	-1	83&61	-1	87&43	-1	-1	-1	-1	-1	9&83	-1	29&34	57&91	-1	61&4	48&97	-1	-1	-1	-1	10&69	-1	-1	7&113	-1	-1	-1	93	-1	53	-1	-1	-1	77&36	82&52	-1	-1	-1	-1	91&48	-1	-1	-1	-1	
-1	-1	-1	-1	-1	110&59	-1	-1	39&86	-1	-1	-1	-1	-1	-1	-1	108&6	-1	-1	94&35	-1	-1	-1	-1	20&91	110&57	-1	-1	-1	-1	-1	58	-1	111&48	-1	-1	78&91	-1	-1	-1	-1	-1	50&40	-1	-1	11&37	-1	-1	-1	-1	

