50	50	120
-1	-1	-1	-1	12&35	-1	-1	-1	-1	-1	1&6	-1	-1	-1	-1	-1	-1	2&88	-1	-1	-1	-1	-1	-1	-1	-1	-1	-1	50&6	-1	-1	-1	-1	-1	-1	-1	-1	66&3	-1	-1	-1	-1	-1	0&31	1&104	-1	-1	-1	-1	-1	
2&65	-1	-1	-1	117&33	4&1	-1	-1	-1	33&21	-1	15&40	-1	9&83	6&14	-1	-1	4&14	-1	-1	-1	60&53	-1	-1	-1	10&14	-1	-1	-1	93&80	-1	98&113	-1	-1	-1	-1	-1	-1	-1	-1	-1	-1	-1	-1	-1	-1	-1	-1	-1	-1	
-1	-1	-1	-1	3&21	-1	-1	4&1	-1	-1	2&3	-1	-1	-1	-1	-1	-1	16&27	-1	-1	-1	-1	-1	104&1	-1	-1	-1	-1	-1	-1	-1	-1	-1	-1	46&94	-1	-1	-1	-1	-1	-1	8&61	-1	-1	-1	-1	-1	-1	-1	-1	
-1	-1	-1	8&21	7&21	-1	57&116	-1	-1	-1	-1	-1	-1	-1	88&54	12&30	-1	-1	-1	-1	-1	2&10	-1	33&4	-1	3&81	-1	-1	75&25	-1	-1	-1	-1	-1	-1	-1	32&100	46&19	119&64	-1	-1	-1	-1	-1	-1	-1	-1	-1	-1	-1	
0&5	-1	0&7	-1	24&37	-1	-1	32&10	3&22	-1	-1	11&20	23&24	-1	-1	-1	-1	-1	-1	-1	45&34	-1	-1	-1	81&119	-1	-1	-1	-1	-1	-1	-1	-1	-1	-1	-1	83&113	-1	-1	-1	-1	-1	-1	36&51	-1	-1	35&82	-1	-1	-1	
84&5	5&14	-1	-1	8&59	-1	-1	-1	-1	-1	-1	-1	-1	11&1	-1	-1	-1	-1	-1	-1	-1	50&5	-1	-1	-1	-1	7&107	-1	36&38	-1	-1	-1	76	16&59	-1	-1	-1	-1	9&20	26&68	-1	-1	103&79	-1	-1	-1	-1	-1	-1	-1	
-1	-1	117&0	-1	-1	1&20	0&4	-1	1&2	22&8	69&114	14&52	-1	59&38	36&16	-1	-1	-1	-1	-1	-1	80&86	-1	19&84	-1	-1	52&83	-1	-1	-1	-1	-1	-1	-1	-1	-1	-1	-1	-1	-1	-1	-1	-1	-1	-1	-1	-1	-1	-1	-1	
-1	-1	-1	-1	9&16	-1	-1	-1	-1	23&7	-1	-1	-1	-1	-1	-1	-1	-1	-1	-1	-1	14&73	-1	-1	-1	-1	3&42	87&13	-1	-1	-1	-1	-1	-1	-1	-1	-1	-1	22&13	-1	-1	-1	77&73	22&56	-1	15&36	1&38	105&10	-1	74&54	
-1	8&13	-1	18&25	-1	0&65	-1	-1	-1	-1	16&2	-1	-1	-1	11&40	-1	-1	23&45	-1	-1	3&5	0&21	-1	96&66	-1	-1	-1	-1	-1	-1	15&4	-1	-1	-1	2&22	-1	-1	49&85	-1	-1	-1	-1	-1	-1	-1	-1	-1	-1	-1	-1	
-1	-1	-1	-1	2&12	-1	-1	-1	4	-1	-1	13&14	-1	-1	0&9	4&45	-1	-1	-1	-1	-1	-1	-1	-1	-1	-1	-1	23&26	95&26	-1	-1	-1	-1	-1	13&36	-1	4&10	25&13	47&109	25&81	-1	-1	-1	-1	-1	-1	-1	-1	-1	-1	
-1	-1	-1	-1	-1	-1	-1	-1	-1	5&13	-1	-1	-1	4&34	-1	-1	-1	-1	-1	-1	-1	-1	54	-1	-1	-1	8&6	-1	-1	-1	25&21	-1	3&18	-1	55&24	102&4	-1	101&110	85&6	79&7	-1	3&36	-1	95&70	-1	-1	-1	-1	-1	-1	
-1	-1	-1	-1	23&7	-1	-1	-1	-1	-1	-1	-1	0&25	-1	-1	-1	-1	-1	-1	21	109&25	-1	-1	-1	2&13	-1	-1	-1	34&58	-1	-1	-1	-1	-1	-1	103&76	-1	-1	3&2	-1	7	-1	4&81	112&40	-1	100	-1	-1	55&51	-1	
-1	-1	-1	-1	-1	-1	-1	12&37	-1	12	1&7	73&1	116&11	-1	-1	-1	-1	-1	-1	-1	48&55	4&8	-1	-1	7	-1	-1	-1	-1	-1	-1	-1	-1	-1	-1	-1	-1	-1	31&4	-1	17&97	14&82	-1	-1	-1	1&103	-1	-1	55&12	-1	
-1	0&37	4&6	-1	-1	-1	43&31	85&27	-1	-1	-1	-1	33&82	-1	-1	3&0	-1	-1	-1	-1	76&9	-1	-1	-1	-1	10&15	-1	-1	-1	-1	-1	-1	-1	-1	4	-1	25&4	-1	-1	-1	47&79	-1	103	-1	12&35	-1	-1	-1	-1	-1	
-1	-1	28&67	-1	-1	1&5	45&40	-1	-1	-1	-1	9&17	108&9	-1	26&80	-1	-1	-1	-1	-1	-1	-1	20&8	20&11	-1	-1	-1	-1	-1	78&17	93&18	-1	82&60	-1	-1	2&42	70&114	-1	-1	-1	-1	-1	-1	-1	-1	-1	-1	-1	-1	-1	
2&24	15&12	-1	-1	-1	-1	42&0	4	-1	-1	-1	-1	-1	-1	-1	-1	-1	-1	-1	1&8	-1	-1	9&119	-1	29&38	-1	37&41	-1	-1	-1	-1	-1	-1	-1	60&14	5&91	-1	-1	-1	-1	-1	-1	-1	-1	-1	-1	50&56	73&16	-1	-1	
-1	-1	-1	9&35	-1	-1	-1	-1	51&0	-1	-1	-1	-1	-1	-1	-1	-1	-1	-1	-1	18&14	-1	7&23	-1	39&49	-1	-1	-1	-1	-1	-1	3&4	-1	-1	115&1	-1	-1	-1	8&15	-1	5&10	22&80	0&71	-1	101&10	-1	46&118	-1	107&27	-1	
-1	-1	3&59	-1	-1	0&76	-1	-1	-1	-1	-1	-1	-1	-1	-1	18&106	-1	-1	-1	-1	-1	-1	11&109	27&37	-1	-1	14&15	115&57	54&25	-1	-1	77&40	-1	-1	7&94	-1	-1	-1	-1	-1	-1	-1	-1	-1	71	-1	-1	57&14	13	-1	
-1	-1	-1	2&14	-1	-1	-1	1&108	-1	-1	-1	-1	33&17	-1	-1	-1	23&27	-1	-1	-1	-1	55&2	-1	-1	-1	-1	-1	-1	-1	-1	-1	-1	14&46	19&44	-1	-1	-1	-1	15&0	-1	111&75	18&49	24&69	6&69	-1	1&53	-1	-1	-1	107&45	
-1	-1	-1	84&6	-1	-1	-1	-1	-1	-1	116	10&14	-1	-1	-1	72&21	-1	-1	18&4	-1	-1	-1	81&40	7&28	22&103	-1	1&96	33&96	-1	117&28	-1	-1	-1	-1	-1	113&0	-1	-1	-1	-1	-1	-1	-1	-1	-1	-1	-1	-1	-1	-1	
-1	63&67	2&16	-1	-1	-1	-1	-1	-1	-1	-1	-1	-1	28&6	-1	-1	9&36	-1	-1	-1	4	56&2	-1	20&18	74&73	-1	-1	-1	-1	-1	9&72	-1	22&35	-1	99&31	-1	-1	-1	72&27	109&36	-1	48&84	-1	-1	-1	-1	-1	86&89	-1	-1	
-1	-1	-1	18&49	-1	-1	89	-1	-1	-1	-1	-1	-1	-1	-1	18&63	-1	-1	10	3&8	-1	10&13	45&71	-1	-1	86&7	-1	-1	91&105	-1	-1	-1	-1	-1	-1	-1	25	-1	71	52&14	-1	-1	-1	-1	-1	-1	13&14	-1	85&7	-1	
-1	-1	0&61	-1	-1	-1	35&41	-1	-1	100&38	-1	-1	-1	-1	-1	-1	-1	-1	-1	-1	-1	-1	-1	20&36	3&104	-1	-1	0&9	-1	58&114	-1	-1	-1	-1	-1	-1	-1	-1	-1	65&53	-1	72&7	-1	75&86	-1	-1	-1	-1	-1	82&25	
-1	-1	10&80	-1	-1	28&2	9&109	-1	5&21	-1	-1	9&28	-1	-1	-1	12&3	-1	-1	67&16	-1	-1	-1	23&53	64&51	51&56	-1	-1	13&105	98&50	-1	-1	48&100	94&10	-1	72&89	-1	-1	-1	-1	-1	-1	-1	-1	-1	-1	-1	-1	-1	-1	-1	
-1	-1	-1	-1	-1	11	-1	-1	-1	-1	-1	91&49	-1	8&23	-1	-1	103&33	-1	-1	-1	-1	-1	-1	83&8	87&10	-1	-1	37&89	39&47	2&48	-1	-1	11&80	-1	-1	-1	-1	100&4	-1	1&67	26&82	-1	-1	61&49	88&116	-1	-1	-1	-1	-1	
-1	-1	-1	-1	27&30	-1	-1	54&55	-1	-1	47&15	-1	-1	9&34	-1	-1	-1	-1	-1	-1	-1	14&70	-1	-1	-1	-1	-1	103	30&12	-1	-1	-1	-1	-1	-1	1&11	62&27	34&54	-1	-1	4&77	49&119	80&75	-1	-1	77&85	-1	18	-1	-1	
-1	18&3	-1	-1	-1	-1	-1	-1	-1	-1	-1	-1	-1	3&80	-1	53&41	-1	-1	-1	10&0	-1	-1	-1	-1	-1	-1	3	-1	15&99	3&32	-1	-1	62&61	-1	-1	-1	-1	13&8	-1	-1	99&47	-1	87&104	-1	95&45	10&103	-1	-1	-1	19&47	
11&42	-1	-1	-1	88&82	-1	27&8	3&75	-1	-1	-1	-1	-1	71&108	17&38	-1	-1	9&27	-1	-1	-1	-1	-1	-1	-1	-1	-1	-1	52	-1	-1	12&46	-1	7&12	67&14	-1	22&65	-1	-1	-1	-1	13&76	-1	-1	10&55	10&35	-1	-1	-1	-1	
37&0	-1	-1	104&22	-1	-1	-1	-1	39&15	-1	19&111	29	-1	1&119	79	33&38	18&0	10&56	-1	-1	-1	-1	30&5	-1	-1	18	-1	-1	-1	-1	11&33	-1	-1	-1	-1	-1	-1	69&99	-1	-1	-1	-1	92&113	-1	-1	-1	-1	-1	-1	-1	
-1	8&14	112&23	-1	35	-1	-1	31&38	-1	-1	57&107	-1	-1	-1	-1	-1	-1	17&33	-1	-1	-1	-1	-1	-1	-1	-1	-1	-1	-1	-1	110&89	-1	-1	5&73	9&45	-1	-1	-1	-1	-1	-1	-1	65&9	29&58	-1	79&56	36&68	10&57	18&59	-1	
-1	-1	-1	-1	-1	-1	40&63	-1	-1	45&1	16&101	-1	1&28	49&106	32&42	-1	-1	-1	-1	25&23	-1	-1	-1	-1	-1	-1	6&12	4&60	-1	5	-1	-1	-1	-1	-1	81&9	-1	40&65	-1	-1	-1	52&92	-1	3&105	86&105	-1	-1	45&25	-1	-1	
8&6	50&34	-1	14&25	100&12	-1	-1	31&43	-1	14&113	-1	-1	-1	-1	-1	86&6	-1	-1	8&113	-1	-1	-1	-1	-1	-1	-1	-1	-1	-1	-1	-1	-1	-1	37&0	-1	-1	-1	82	-1	-1	-1	-1	-1	-1	-1	-1	7&86	106&48	58&89	7&101	
-1	-1	-1	-1	-1	-1	-1	-1	109&4	-1	-1	-1	-1	-1	-1	-1	-1	16&17	-1	-1	-1	-1	-1	-1	-1	-1	-1	-1	-1	-1	-1	-1	3&45	-1	-1	22&10	-1	40&46	72&106	-1	-1	-1	-1	-1	20&115	-1	-1	-1	97&52	12&36	
-1	-1	-1	37	-1	-1	-1	-1	24&47	-1	-1	48&115	-1	-1	-1	-1	1	-1	71&74	-1	40&5	-1	18&4	-1	-1	-1	101&15	-1	-1	-1	-1	112&79	54&34	65&16	82&45	51&112	17&65	-1	-1	-1	-1	-1	86&7	-1	-1	-1	3&49	-1	-1	-1	
-1	56&0	-1	-1	-1	-1	35&45	-1	-1	-1	-1	-1	43&7	66	-1	-1	5&27	-1	-1	22&14	27&6	-1	-1	104&35	-1	-1	-1	-1	-1	21&33	-1	-1	-1	-1	-1	-1	-1	-1	-1	30&24	94&90	-1	-1	-1	-1	-1	-1	-1	-1	112&114	
113&13	16&24	-1	78&31	-1	-1	-1	-1	4&26	-1	-1	-1	2&68	-1	112&3	-1	4&39	-1	33&96	-1	-1	-1	-1	-1	-1	-1	-1	-1	42&91	-1	3&62	-1	-1	-1	-1	-1	-1	-1	-1	68	-1	-1	-1	-1	-1	-1	-1	37&104	58&73	31&64	
13&45	-1	43	-1	-1	-1	44&116	-1	-1	9&7	-1	-1	-1	-1	-1	-1	-1	24&27	-1	5&36	-1	-1	-1	-1	-1	80&5	-1	-1	-1	-1	-1	7&119	0&6	-1	-1	-1	-1	-1	-1	-1	-1	52&80	-1	-1	-1	-1	25&109	63&74	-1	10	
-1	-1	-1	99&75	-1	-1	-1	-1	-1	-1	2&12	-1	-1	4&66	-1	22&6	-1	-1	11&6	-1	-1	-1	36&101	-1	4&82	10&12	-1	-1	-1	101&15	-1	-1	57&9	-1	-1	-1	-1	-1	-1	-1	-1	-1	-1	36&63	-1	-1	96	-1	-1	79&76	
48&9	-1	-1	-1	-1	2&32	-1	-1	-1	86&118	-1	-1	-1	-1	-1	-1	1&68	22	12&10	11&26	-1	-1	-1	-1	-1	49&50	-1	19&0	-1	-1	9&33	16&98	-1	57&36	-1	-1	-1	-1	-1	-1	80&93	-1	11&8	-1	-1	-1	-1	-1	-1	-1	
38&85	42&67	4&107	21&61	-1	-1	-1	-1	-1	-1	-1	-1	-1	-1	-1	73	-1	-1	31&99	-1	2&84	7	-1	-1	-1	91&72	46&41	-1	-1	13&16	-1	-1	-1	-1	-1	-1	-1	-1	-1	-1	-1	-1	-1	91&85	117&64	-1	66&88	-1	67&35	-1	
77&87	-1	-1	-1	-1	-1	-1	-1	-1	-1	-1	-1	-1	-1	-1	-1	0&83	-1	-1	2&58	-1	-1	-1	-1	-1	30&3	-1	-1	-1	-1	79&12	67&8	-1	2&1	-1	-1	-1	-1	-1	-1	-1	-1	-1	11	-1	-1	-1	56&82	-1	-1	
-1	21	13&97	48&92	-1	56&113	-1	-1	20&51	-1	-1	-1	-1	-1	-1	-1	38&41	-1	17&83	20&1	-1	-1	-1	-1	-1	-1	118&69	91&64	-1	-1	-1	-1	-1	-1	-1	20&16	91&113	-1	-1	58&104	-1	94	-1	-1	-1	78&118	8&1	-1	-1	-1	
-1	-1	-1	-1	-1	98&3	-1	86&34	-1	-1	-1	-1	0&5	-1	-1	-1	111&12	-1	-1	32&44	41&102	-1	-1	-1	-1	-1	-1	-1	-1	-1	71&21	-1	-1	56&0	-1	-1	-1	-1	-1	-1	-1	-1	-1	-1	-1	-1	-1	-1	4&18	70&19	
15	-1	-1	-1	-1	44&75	-1	-1	4&110	-1	-1	93&78	65&43	-1	7&32	-1	40&10	-1	27&56	-1	-1	-1	-1	-1	-1	-1	-1	-1	-1	-1	-1	74&102	106&61	-1	-1	-1	-1	-1	-1	112&63	93&11	24&71	-1	-1	-1	-1	99&82	94&16	82&103	-1	
-1	-1	-1	-1	-1	-1	-1	-1	-1	20&88	-1	-1	74&85	-1	97&55	-1	-1	-1	-1	34&6	72&41	-1	24&29	-1	-1	116&110	-1	-1	-1	118&61	60&12	-1	-1	107&40	-1	14&29	-1	107&90	-1	-1	-1	-1	-1	-1	59&18	19&100	-1	-1	-1	45&68	
-1	-1	-1	-1	-1	-1	27&61	-1	-1	44&3	87&113	-1	84	-1	-1	-1	-1	57&69	-1	-1	-1	-1	20&84	-1	-1	-1	-1	48&61	-1	35&10	102&99	89&69	-1	-1	-1	-1	66&62	-1	-1	-1	-1	-1	-1	-1	43&38	-1	-1	-1	50&33	5&21	
-1	-1	3&113	-1	-1	-1	-1	-1	-1	-1	-1	-1	-1	-1	2&30	-1	-1	-1	-1	-1	-1	-1	-1	-1	-1	-1	-1	-1	-1	-1	77	-1	-1	30&106	-1	71&15	-1	-1	-1	1&28	-1	-1	-1	-1	98&89	32&65	-1	-1	-1	-1	
-1	-1	-1	-1	-1	-1	-1	2&4	6&52	-1	59&95	9&92	-1	-1	-1	-1	-1	61&113	27&116	-1	-1	-1	-1	50	116&83	104&111	-1	0&100	-1	-1	-1	52&114	-1	-1	-1	-1	16&30	-1	10&40	-1	20&3	-1	-1	-1	-1	-1	-1	113&112	-1	-1	
-1	50&38	-1	-1	-1	12&27	-1	9&49	-1	16&105	-1	-1	-1	-1	-1	3&62	-1	113&6	13&71	-1	78&24	26&0	-1	-1	-1	-1	56&5	-1	-1	8&19	-1	-1	-1	73	-1	17	-1	-1	-1	8&118	102&59	-1	-1	-1	-1	46&87	-1	-1	-1	-1	
-1	-1	-1	-1	-1	27&17	-1	-1	2&105	-1	-1	-1	-1	-1	-1	-1	46&110	-1	-1	3&90	-1	-1	-1	-1	70&114	119&24	-1	-1	-1	-1	-1	32	-1	101&107	-1	-1	33&22	-1	-1	-1	-1	-1	17&4	-1	-1	26&25	-1	-1	-1	-1	

