30	30	200
-1	-1	-1	112&71	-1	0&65	-1	-1	48&2	102	-1	-1	-1	163&6	-1	-1	-1	-1	-1	-1	-1	-1	-1	-1	-1	-1	-1	-1	-1	-1	
-1	-1	-1	-1	-1	58&116	-1	3&5	-1	0&1	-1	-1	-1	34&162	-1	104&52	-1	195	-1	-1	-1	-1	-1	-1	-1	-1	-1	-1	-1	-1	
-1	-1	0&3	-1	-1	-1	-1	57&56	-1	-1	-1	-1	-1	90&58	-1	-1	85&0	22&1	-1	-1	173&38	-1	-1	-1	-1	-1	-1	-1	-1	-1	
-1	-1	-1	79&0	-1	0&185	-1	-1	75&140	77&30	-1	161&1	108&142	-1	-1	-1	-1	-1	-1	-1	-1	-1	-1	-1	-1	-1	-1	-1	-1	-1	
-1	-1	-1	-1	-1	-1	-1	-1	52&62	89&153	-1	28&93	-1	-1	-1	-1	-1	29&74	-1	-1	49&132	126&69	-1	-1	-1	-1	-1	-1	-1	-1	
-1	-1	-1	38	117&0	-1	-1	-1	-1	-1	-1	80	119&125	-1	149&0	-1	-1	-1	-1	-1	-1	42&62	-1	68&81	-1	-1	-1	-1	-1	-1	
45&0	-1	-1	98&84	-1	-1	-1	197&1	-1	-1	-1	-1	-1	-1	-1	99&185	-1	140&31	-1	93&14	180&125	-1	-1	-1	-1	-1	-1	-1	-1	-1	
198&195	-1	-1	0&40	-1	95&181	154&117	-1	-1	-1	-1	-1	-1	-1	81&109	113&168	-1	-1	-1	-1	145	-1	-1	-1	-1	-1	-1	-1	-1	-1	
-1	-1	-1	-1	-1	-1	-1	-1	-1	-1	-1	-1	-1	-1	-1	-1	-1	148&186	107&44	-1	-1	-1	11&53	199&49	181&8	-1	-1	0&113	120&130	-1	
84&50	1	0	-1	-1	-1	-1	-1	181&183	-1	97&196	-1	-1	-1	38&59	-1	-1	-1	-1	73&61	-1	-1	-1	-1	-1	-1	-1	-1	-1	-1	
190&31	-1	-1	-1	-1	-1	65&1	-1	-1	-1	-1	-1	32&142	-1	-1	-1	-1	196&167	21	67	-1	-1	-1	124&66	-1	-1	-1	-1	-1	-1	
-1	0&167	-1	-1	-1	-1	-1	-1	-1	98&38	-1	-1	-1	-1	-1	-1	-1	-1	52&25	-1	-1	142&148	-1	-1	2&18	-1	53	54	46&150	-1	
-1	-1	-1	-1	52&2	-1	-1	-1	-1	-1	-1	-1	-1	-1	-1	3&124	-1	-1	127&0	150&41	196&9	80&104	-1	0&1	78&72	-1	-1	-1	-1	-1	
-1	-1	-1	-1	-1	2	59&115	-1	-1	-1	-1	103&117	-1	-1	47&89	-1	-1	-1	-1	-1	-1	75	-1	-1	-1	-1	0&193	75&36	20	-1	
105&116	58&161	-1	-1	92&40	-1	-1	-1	-1	164&155	-1	5&164	-1	-1	0&165	-1	-1	-1	-1	-1	-1	133&34	-1	88&174	-1	190	-1	-1	-1	-1	
-1	39&85	-1	-1	-1	-1	-1	-1	-1	-1	0	-1	151	-1	-1	-1	-1	-1	-1	143&163	193&82	-1	-1	-1	-1	-1	198&6	-1	-1	128&51	
-1	117&167	89&1	-1	-1	-1	-1	-1	49&69	-1	-1	-1	-1	-1	131	-1	-1	-1	-1	28&171	-1	-1	-1	156&183	44&62	23&70	86&62	-1	-1	-1	
-1	-1	3&4	-1	0	-1	-1	-1	-1	9&54	78&2	-1	188&0	49&194	-1	-1	-1	-1	-1	-1	-1	165&44	139&118	-1	32&55	130&5	-1	-1	-1	-1	
-1	95&40	-1	-1	-1	-1	-1	-1	-1	-1	-1	-1	-1	-1	-1	-1	-1	-1	1&15	-1	-1	-1	183&58	-1	-1	188&117	30&33	87&42	88&194	43&44	
-1	-1	-1	-1	-1	-1	-1	-1	65&108	-1	25&0	2&7	-1	-1	-1	48&167	0&33	-1	-1	-1	-1	-1	-1	-1	28&72	78&5	-1	125&57	-1	97&104	
1&189	162&24	12&14	86&69	-1	-1	1&2	-1	-1	-1	-1	-1	-1	-1	-1	-1	-1	-1	-1	-1	68&158	-1	64&46	-1	-1	-1	3&22	-1	27&96	187	
-1	-1	-1	-1	196&163	104&94	-1	59&115	-1	-1	120&162	-1	-1	-1	-1	-1	-1	-1	78&40	-1	-1	-1	-1	-1	-1	101&141	-1	-1	67&79	-1	
-1	-1	1&74	-1	-1	129&184	0&3	-1	-1	-1	-1	-1	0&11	-1	-1	-1	123&127	55&13	-1	-1	-1	116&3	119&83	-1	-1	-1	191&161	-1	180&145	-1	
-1	-1	176&0	-1	-1	-1	67	152&0	0&38	-1	146&49	-1	-1	142	-1	-1	166&158	-1	-1	-1	-1	-1	-1	77	177&95	-1	21&76	-1	195&108	-1	
-1	-1	-1	-1	-1	-1	26&197	79&103	-1	27&97	-1	141&143	35&45	-1	-1	153&44	-1	-1	-1	129&86	-1	-1	49	-1	-1	197&188	-1	1&68	-1	142&137	
52&6	-1	-1	118&107	-1	-1	113&189	127	156	-1	35&194	-1	-1	115&48	-1	-1	1&0	-1	-1	-1	-1	-1	76&3	-1	74	83&195	-1	-1	-1	-1	
153	-1	12&149	1&59	0&27	-1	-1	-1	-1	-1	-1	-1	87&139	-1	-1	-1	116&43	-1	-1	-1	-1	-1	80&111	-1	-1	-1	-1	-1	-1	69&61	
-1	-1	-1	-1	29&97	-1	-1	-1	-1	-1	1&109	-1	-1	116&11	-1	-1	-1	-1	-1	-1	153&97	-1	-1	-1	-1	-1	-1	75&3	-1	193&113	
-1	111&112	-1	-1	123&113	-1	-1	-1	-1	-1	-1	121&128	-1	-1	130&70	132	136&105	-1	81&59	-1	-1	-1	-1	160&105	-1	-1	-1	-1	-1	126&98	
-1	-1	-1	-1	-1	38&113	-1	29&56	-1	-1	-1	-1	-1	141&181	84&164	20&38	180	151&57	167&132	168&75	-1	-1	-1	-1	-1	-1	-1	58&17	-1	-1	

