30	30	200
-1	-1	-1	172&166	-1	173&113	-1	-1	104&64	18	-1	-1	-1	77&107	-1	-1	-1	-1	-1	-1	-1	-1	-1	-1	-1	-1	-1	-1	-1	-1	
-1	-1	-1	-1	-1	119&53	-1	142&85	-1	38&66	-1	-1	-1	52&3	-1	35&120	-1	14	-1	-1	-1	-1	-1	-1	-1	-1	-1	-1	-1	-1	
-1	-1	0&2	-1	-1	-1	-1	0&3	-1	-1	-1	-1	-1	0&42	-1	-1	184&168	145&131	-1	-1	164&72	-1	-1	-1	-1	-1	-1	-1	-1	-1	
-1	-1	-1	3&0	-1	0&160	-1	-1	179&44	184&131	-1	2&116	46&140	-1	-1	-1	-1	-1	-1	-1	-1	-1	-1	-1	-1	-1	-1	-1	-1	-1	
-1	-1	-1	-1	-1	-1	-1	-1	113&0	163&86	-1	43&30	-1	-1	-1	-1	-1	185&18	-1	-1	114&193	172&62	-1	-1	-1	-1	-1	-1	-1	-1	
-1	-1	-1	63	0&151	-1	-1	-1	-1	-1	-1	154	147&103	-1	113&54	-1	-1	-1	-1	-1	-1	99&197	-1	126&116	-1	-1	-1	-1	-1	-1	
116&56	-1	-1	34&177	-1	-1	-1	13&4	-1	-1	-1	-1	-1	-1	-1	96&101	-1	130&199	-1	175&173	110&129	-1	-1	-1	-1	-1	-1	-1	-1	-1	
19&22	-1	-1	136&149	-1	46&102	10&63	-1	-1	-1	-1	-1	-1	-1	141&5	190&53	-1	-1	-1	-1	123	-1	-1	-1	-1	-1	-1	-1	-1	-1	
-1	-1	-1	-1	-1	-1	-1	-1	-1	-1	-1	-1	-1	-1	-1	-1	-1	47&190	13&40	-1	-1	-1	0&2	42&100	165&134	-1	-1	47&134	76&167	-1	
1&73	99	74	-1	-1	-1	-1	-1	56&66	-1	0&198	-1	-1	-1	30&1	-1	-1	-1	-1	176&140	-1	-1	-1	-1	-1	-1	-1	-1	-1	-1	
51&193	-1	-1	-1	-1	-1	14&190	-1	-1	-1	-1	-1	0&11	-1	-1	-1	-1	37&135	198	122	-1	-1	-1	54&119	-1	-1	-1	-1	-1	-1	
-1	17&3	-1	-1	-1	-1	-1	-1	-1	0&1	-1	-1	-1	-1	-1	-1	-1	-1	48&197	-1	-1	0&113	-1	-1	74&120	-1	101	19	82&75	-1	
-1	-1	-1	-1	40&165	-1	-1	-1	-1	-1	-1	-1	-1	-1	-1	0&121	-1	-1	148&138	35&10	142&6	20&35	-1	109&64	35&177	-1	-1	-1	-1	-1	
-1	-1	-1	-1	-1	0	168&157	-1	-1	-1	-1	46&79	-1	-1	158&69	-1	-1	-1	-1	-1	-1	197	-1	-1	-1	-1	27&6	71&192	131	-1	
129&56	9&191	-1	-1	57&155	-1	-1	-1	-1	90&2	-1	39&0	-1	-1	136&5	-1	-1	-1	-1	-1	-1	0&48	-1	14&10	-1	187	-1	-1	-1	-1	
-1	0&1	-1	-1	-1	-1	-1	-1	-1	-1	21	-1	32	-1	-1	-1	-1	-1	-1	48&99	193&159	-1	-1	-1	-1	-1	54&136	-1	-1	140&96	
-1	0&71	182&134	-1	-1	-1	-1	-1	173&101	-1	-1	-1	-1	-1	87	-1	-1	-1	-1	55&44	-1	-1	-1	147&40	129&26	73&157	142&93	-1	-1	-1	
-1	-1	0&166	-1	2	-1	-1	-1	-1	1&5	4&62	-1	104&76	47&45	-1	-1	-1	-1	-1	-1	-1	180&15	159&95	-1	21&63	107&168	-1	-1	-1	-1	
-1	4&77	-1	-1	-1	-1	-1	-1	-1	-1	-1	-1	-1	-1	-1	-1	-1	-1	34&125	-1	-1	-1	1&67	-1	-1	2&4	39&55	89&67	33&0	130&189	
-1	-1	-1	-1	-1	-1	-1	-1	103&13	-1	143&34	79&125	-1	-1	-1	4&103	181&0	-1	-1	-1	-1	-1	-1	-1	179&1	2&121	-1	82&49	-1	71&15	
56&103	33&143	4&0	23&94	-1	-1	0&174	-1	-1	-1	-1	-1	-1	-1	-1	-1	-1	-1	-1	-1	52&31	-1	138&154	-1	-1	-1	24&4	-1	143&160	177	
-1	-1	-1	-1	164&161	171&181	-1	39&188	-1	-1	73&96	-1	-1	-1	-1	-1	-1	-1	189&47	-1	-1	-1	-1	-1	-1	16&80	-1	-1	121&79	-1	
-1	-1	34&58	-1	-1	53&88	128&96	-1	-1	-1	-1	-1	2&190	-1	-1	-1	100&90	19&92	-1	-1	-1	17&75	182&169	-1	-1	-1	60&174	-1	182&8	-1	
-1	-1	60&1	-1	-1	-1	2	124&168	127&119	-1	144&101	-1	-1	197	-1	-1	135&0	-1	-1	-1	-1	-1	-1	62	184&72	-1	75&14	-1	51&32	-1	
-1	-1	-1	-1	-1	-1	189&36	181&194	-1	133&7	-1	1&165	24&111	-1	-1	180&127	-1	-1	-1	10&2	-1	-1	29	-1	-1	187&70	-1	85&82	-1	112&60	
0&118	-1	-1	10&116	-1	-1	168&1	13	69	-1	181&7	-1	-1	161&14	-1	-1	43&136	-1	-1	-1	-1	-1	26&114	-1	68	146&153	-1	-1	-1	-1	
50	-1	112&84	90&0	22&152	-1	-1	-1	-1	-1	-1	-1	119&184	-1	-1	-1	134&95	-1	-1	-1	-1	-1	192&196	-1	-1	-1	-1	-1	-1	163&113	
-1	-1	-1	-1	41&78	-1	-1	-1	-1	-1	170&164	-1	-1	8&77	-1	-1	-1	-1	-1	-1	141&91	-1	-1	-1	-1	-1	-1	165&182	-1	164&149	
-1	159&56	-1	-1	144&180	-1	-1	-1	-1	-1	-1	138&120	-1	-1	84&60	59	186&34	-1	51&130	-1	-1	-1	-1	21&14	-1	-1	-1	-1	-1	185&132	
-1	-1	-1	-1	-1	136&74	-1	60&84	-1	-1	-1	-1	-1	16&63	42&155	149&51	18	42&131	86&63	93&178	-1	-1	-1	-1	-1	-1	-1	183&63	-1	-1	

